-1
-1
-1
-1
Alloc Block: 
Free Block: 
400 0 400
400 0
Node: 400 0 400
0
0 0
-1
0 0
-1
-1
0 0
0
Alloc Block: 
Free Block: 
19 0 19
381 19 381
381 19
19 0
Node: 19 0 19
0
0 0
-1
Alloc Block: 
0 0 16
Free Block: 
3 16 3
381 19 381
381 19
3 16
Node: 3 16 3
16
0 0
16 16
-1
Alloc Block: 
0 0 16
16 16 2
Free Block: 
1 18 1
381 19 381
381 19
1 18
Node: 381 19 381
19
Alloc Block: 
0 0 16
16 16 2
19 19 18
Free Block: 
1 18 1
363 37 363
1 18
363 37
Node: 363 37 363
37
Alloc Block: 
0 0 16
16 16 2
19 19 18
37 37 11
Free Block: 
1 18 1
352 48 352
1 18
352 48
Node: 352 48 352
48
Alloc Block: 
0 0 16
16 16 2
19 19 18
37 37 11
48 48 3
Free Block: 
1 18 1
349 51 349
1 18
349 51
Node: 349 51 349
51
0 0
16 16
-1
Alloc Block: 
0 0 16
16 16 2
19 19 18
37 37 11
48 48 3
51 51 19
Free Block: 
1 18 1
330 70 330
1 18
330 70
Node: 330 70 330
70
Alloc Block: 
0 0 16
16 16 2
19 19 18
37 37 11
48 48 3
51 51 19
70 70 8
Free Block: 
1 18 1
322 78 322
1 18
322 78
Node: 322 78 322
78
Alloc Block: 
0 0 16
16 16 2
19 19 18
37 37 11
48 48 3
51 51 19
70 70 8
78 78 3
Free Block: 
1 18 1
319 81 319
1 18
319 81
Node: 319 81 319
81
Alloc Block: 
0 0 16
16 16 2
19 19 18
37 37 11
48 48 3
51 51 19
70 70 8
78 78 3
81 81 18
Free Block: 
1 18 1
301 99 301
1 18
301 99
Node: 301 99 301
99
Alloc Block: 
0 0 16
16 16 2
19 19 18
37 37 11
48 48 3
51 51 19
70 70 8
78 78 3
81 81 18
99 99 10
Free Block: 
1 18 1
291 109 291
1 18
291 109
Node: 291 109 291
109
0 0
16 16
-1
0 0
16 16
-1
Alloc Block: 
0 0 16
16 16 2
19 19 18
37 37 11
48 48 3
51 51 19
70 70 8
78 78 3
81 81 18
99 99 10
109 109 13
Free Block: 
1 18 1
278 122 278
1 18
278 122
Node: 278 122 278
122
Alloc Block: 
0 0 16
16 16 2
19 19 18
37 37 11
48 48 3
51 51 19
70 70 8
78 78 3
81 81 18
99 99 10
109 109 13
122 122 12
Free Block: 
1 18 1
266 134 266
1 18
266 134
Node: 266 134 266
134
0 0
16 16
-1
0 0
0
Alloc Block: 
16 16 2
19 19 18
37 37 11
48 48 3
51 51 19
70 70 8
78 78 3
81 81 18
99 99 10
109 109 13
122 122 12
134 134 16
Free Block: 
1 18 1
16 0 16
250 150 250
1 18
250 150
16 0
Node: 16 0 16
0
16 16
0 0
-1
Alloc Block: 
0 0 10
16 16 2
19 19 18
37 37 11
48 48 3
51 51 19
70 70 8
78 78 3
81 81 18
99 99 10
109 109 13
122 122 12
134 134 16
Free Block: 
1 18 1
6 10 6
250 150 250
1 18
250 150
6 10
Node: 6 10 6
10
Alloc Block: 
0 0 10
10 10 6
16 16 2
19 19 18
37 37 11
48 48 3
51 51 19
70 70 8
78 78 3
81 81 18
99 99 10
109 109 13
122 122 12
134 134 16
Free Block: 
1 18 1
250 150 250
1 18
250 150
Node: 250 150 250
150
16 16
0 0
10 10
-1
Alloc Block: 
0 0 10
10 10 6
16 16 2
19 19 18
37 37 11
48 48 3
51 51 19
70 70 8
78 78 3
81 81 18
99 99 10
109 109 13
122 122 12
134 134 16
150 150 10
Free Block: 
1 18 1
240 160 240
1 18
240 160
Node: 240 160 240
160
Alloc Block: 
0 0 10
10 10 6
16 16 2
19 19 18
37 37 11
48 48 3
51 51 19
70 70 8
78 78 3
81 81 18
99 99 10
109 109 13
122 122 12
134 134 16
150 150 10
160 160 9
Free Block: 
1 18 1
231 169 231
1 18
231 169
Node: 231 169 231
169
Alloc Block: 
0 0 10
10 10 6
16 16 2
19 19 18
37 37 11
48 48 3
51 51 19
70 70 8
78 78 3
81 81 18
99 99 10
109 109 13
122 122 12
134 134 16
150 150 10
160 160 9
169 169 3
Free Block: 
1 18 1
228 172 228
1 18
228 172
Node: 228 172 228
172
16 16
0 0
10 10
-1
Alloc Block: 
0 0 10
10 10 6
16 16 2
19 19 18
37 37 11
48 48 3
51 51 19
70 70 8
78 78 3
81 81 18
99 99 10
109 109 13
122 122 12
134 134 16
150 150 10
160 160 9
169 169 3
172 172 2
Free Block: 
1 18 1
226 174 226
1 18
226 174
Node: 226 174 226
174
-1
16 16
19 19
-1
16 16
19 19
-1
16 16
0 0
10 10
-1
Alloc Block: 
0 0 10
10 10 6
16 16 2
19 19 18
37 37 11
48 48 3
51 51 19
70 70 8
78 78 3
81 81 18
99 99 10
109 109 13
122 122 12
134 134 16
150 150 10
160 160 9
169 169 3
172 172 2
174 174 17
Free Block: 
1 18 1
209 191 209
1 18
209 191
Node: 209 191 209
191
Alloc Block: 
0 0 10
10 10 6
16 16 2
19 19 18
37 37 11
48 48 3
51 51 19
70 70 8
78 78 3
81 81 18
99 99 10
109 109 13
122 122 12
134 134 16
150 150 10
160 160 9
169 169 3
172 172 2
174 174 17
191 191 3
Free Block: 
1 18 1
206 194 206
1 18
206 194
Node: 206 194 206
194
Alloc Block: 
0 0 10
10 10 6
16 16 2
19 19 18
37 37 11
48 48 3
51 51 19
70 70 8
78 78 3
81 81 18
99 99 10
109 109 13
122 122 12
134 134 16
150 150 10
160 160 9
169 169 3
172 172 2
174 174 17
191 191 3
194 194 12
Free Block: 
1 18 1
194 206 194
1 18
194 206
Node: 194 206 194
206
Alloc Block: 
0 0 10
10 10 6
16 16 2
19 19 18
37 37 11
48 48 3
51 51 19
70 70 8
78 78 3
81 81 18
99 99 10
109 109 13
122 122 12
134 134 16
150 150 10
160 160 9
169 169 3
172 172 2
174 174 17
191 191 3
194 194 12
206 206 13
Free Block: 
1 18 1
181 219 181
1 18
181 219
Node: 181 219 181
219
16 16
0 0
10 10
-1
16 16
0 0
10 10
-1
Alloc Block: 
0 0 10
10 10 6
16 16 2
19 19 18
37 37 11
48 48 3
51 51 19
70 70 8
78 78 3
81 81 18
99 99 10
109 109 13
122 122 12
134 134 16
150 150 10
160 160 9
169 169 3
172 172 2
174 174 17
191 191 3
194 194 12
206 206 13
219 219 10
Free Block: 
1 18 1
171 229 171
1 18
171 229
Node: 171 229 171
229
16 16
0 0
10 10
-1
Alloc Block: 
0 0 10
10 10 6
16 16 2
19 19 18
37 37 11
48 48 3
51 51 19
70 70 8
78 78 3
81 81 18
99 99 10
109 109 13
122 122 12
134 134 16
150 150 10
160 160 9
169 169 3
172 172 2
174 174 17
191 191 3
194 194 12
206 206 13
219 219 10
229 229 7
Free Block: 
1 18 1
164 236 164
1 18
164 236
Node: 164 236 164
236
16 16
0 0
10 10
-1
16 16
0 0
10 10
-1
16 16
0 0
10 10
-1
Alloc Block: 
0 0 10
10 10 6
16 16 2
19 19 18
37 37 11
48 48 3
51 51 19
70 70 8
78 78 3
81 81 18
99 99 10
109 109 13
122 122 12
134 134 16
150 150 10
160 160 9
169 169 3
172 172 2
174 174 17
191 191 3
194 194 12
206 206 13
219 219 10
229 229 7
236 236 14
Free Block: 
1 18 1
150 250 150
1 18
150 250
Node: 150 250 150
250
-1
16 16
19 19
0
Alloc Block: 
0 0 10
10 10 6
16 16 2
37 37 11
48 48 3
51 51 19
70 70 8
78 78 3
81 81 18
99 99 10
109 109 13
122 122 12
134 134 16
150 150 10
160 160 9
169 169 3
172 172 2
174 174 17
191 191 3
194 194 12
206 206 13
219 219 10
229 229 7
236 236 14
250 250 9
Free Block: 
1 18 1
18 19 18
141 259 141
1 18
141 259
18 19
Node: 141 259 141
259
Alloc Block: 
0 0 10
10 10 6
16 16 2
37 37 11
48 48 3
51 51 19
70 70 8
78 78 3
81 81 18
99 99 10
109 109 13
122 122 12
134 134 16
150 150 10
160 160 9
169 169 3
172 172 2
174 174 17
191 191 3
194 194 12
206 206 13
219 219 10
229 229 7
236 236 14
250 250 9
259 259 19
Free Block: 
1 18 1
18 19 18
122 278 122
1 18
18 19
Node: 18 19 18
19
Alloc Block: 
0 0 10
10 10 6
16 16 2
19 19 12
37 37 11
48 48 3
51 51 19
70 70 8
78 78 3
81 81 18
99 99 10
109 109 13
122 122 12
134 134 16
150 150 10
160 160 9
169 169 3
172 172 2
174 174 17
191 191 3
194 194 12
206 206 13
219 219 10
229 229 7
236 236 14
250 250 9
259 259 19
Free Block: 
1 18 1
6 31 6
122 278 122
1 18
122 278
6 31
Node: 122 278 122
278
Alloc Block: 
0 0 10
10 10 6
16 16 2
19 19 12
37 37 11
48 48 3
51 51 19
70 70 8
78 78 3
81 81 18
99 99 10
109 109 13
122 122 12
134 134 16
150 150 10
160 160 9
169 169 3
172 172 2
174 174 17
191 191 3
194 194 12
206 206 13
219 219 10
229 229 7
236 236 14
250 250 9
259 259 19
278 278 12
Free Block: 
1 18 1
6 31 6
110 290 110
1 18
6 31
110 290
Node: 110 290 110
290
Alloc Block: 
0 0 10
10 10 6
16 16 2
19 19 12
37 37 11
48 48 3
51 51 19
70 70 8
78 78 3
81 81 18
99 99 10
109 109 13
122 122 12
134 134 16
150 150 10
160 160 9
169 169 3
172 172 2
174 174 17
191 191 3
194 194 12
206 206 13
219 219 10
229 229 7
236 236 14
250 250 9
259 259 19
278 278 12
290 290 7
Free Block: 
1 18 1
6 31 6
103 297 103
1 18
6 31
Node: 6 31 6
31
Alloc Block: 
0 0 10
10 10 6
16 16 2
19 19 12
31 31 3
37 37 11
48 48 3
51 51 19
70 70 8
78 78 3
81 81 18
99 99 10
109 109 13
122 122 12
134 134 16
150 150 10
160 160 9
169 169 3
172 172 2
174 174 17
191 191 3
194 194 12
206 206 13
219 219 10
229 229 7
236 236 14
250 250 9
259 259 19
278 278 12
290 290 7
Free Block: 
1 18 1
3 34 3
103 297 103
1 18
103 297
3 34
Node: 103 297 103
297
Alloc Block: 
0 0 10
10 10 6
16 16 2
19 19 12
31 31 3
37 37 11
48 48 3
51 51 19
70 70 8
78 78 3
81 81 18
99 99 10
109 109 13
122 122 12
134 134 16
150 150 10
160 160 9
169 169 3
172 172 2
174 174 17
191 191 3
194 194 12
206 206 13
219 219 10
229 229 7
236 236 14
250 250 9
259 259 19
278 278 12
290 290 7
297 297 15
Free Block: 
1 18 1
3 34 3
88 312 88
1 18
3 34
88 312
Node: 88 312 88
312
Alloc Block: 
0 0 10
10 10 6
16 16 2
19 19 12
31 31 3
37 37 11
48 48 3
51 51 19
70 70 8
78 78 3
81 81 18
99 99 10
109 109 13
122 122 12
134 134 16
150 150 10
160 160 9
169 169 3
172 172 2
174 174 17
191 191 3
194 194 12
206 206 13
219 219 10
229 229 7
236 236 14
250 250 9
259 259 19
278 278 12
290 290 7
297 297 15
312 312 15
Free Block: 
1 18 1
3 34 3
73 327 73
1 18
3 34
73 327
Node: 73 327 73
327
Alloc Block: 
0 0 10
10 10 6
16 16 2
19 19 12
31 31 3
37 37 11
48 48 3
51 51 19
70 70 8
78 78 3
81 81 18
99 99 10
109 109 13
122 122 12
134 134 16
150 150 10
160 160 9
169 169 3
172 172 2
174 174 17
191 191 3
194 194 12
206 206 13
219 219 10
229 229 7
236 236 14
250 250 9
259 259 19
278 278 12
290 290 7
297 297 15
312 312 15
327 327 12
Free Block: 
1 18 1
3 34 3
61 339 61
1 18
3 34
61 339
Node: 61 339 61
339
16 16
0 0
10 10
-1
16 16
37 37
19 19
0
-1
Alloc Block: 
0 0 10
10 10 6
16 16 2
31 31 3
37 37 11
48 48 3
51 51 19
70 70 8
78 78 3
81 81 18
99 99 10
109 109 13
122 122 12
134 134 16
150 150 10
160 160 9
169 169 3
172 172 2
174 174 17
191 191 3
194 194 12
206 206 13
219 219 10
229 229 7
236 236 14
250 250 9
259 259 19
278 278 12
290 290 7
297 297 15
312 312 15
327 327 12
339 339 9
Free Block: 
1 18 1
3 34 3
12 19 12
52 348 52
1 18
3 34
52 348
12 19
Node: 52 348 52
348
Alloc Block: 
0 0 10
10 10 6
16 16 2
31 31 3
37 37 11
48 48 3
51 51 19
70 70 8
78 78 3
81 81 18
99 99 10
109 109 13
122 122 12
134 134 16
150 150 10
160 160 9
169 169 3
172 172 2
174 174 17
191 191 3
194 194 12
206 206 13
219 219 10
229 229 7
236 236 14
250 250 9
259 259 19
278 278 12
290 290 7
297 297 15
312 312 15
327 327 12
339 339 9
348 348 18
Free Block: 
1 18 1
3 34 3
12 19 12
34 366 34
1 18
3 34
12 19
34 366
Node: 34 366 34
366
Alloc Block: 
0 0 10
10 10 6
16 16 2
31 31 3
37 37 11
48 48 3
51 51 19
70 70 8
78 78 3
81 81 18
99 99 10
109 109 13
122 122 12
134 134 16
150 150 10
160 160 9
169 169 3
172 172 2
174 174 17
191 191 3
194 194 12
206 206 13
219 219 10
229 229 7
236 236 14
250 250 9
259 259 19
278 278 12
290 290 7
297 297 15
312 312 15
327 327 12
339 339 9
348 348 18
366 366 16
Free Block: 
1 18 1
3 34 3
12 19 12
18 382 18
1 18
3 34
Node: 3 34 3
34
Alloc Block: 
0 0 10
10 10 6
16 16 2
31 31 3
34 34 2
37 37 11
48 48 3
51 51 19
70 70 8
78 78 3
81 81 18
99 99 10
109 109 13
122 122 12
134 134 16
150 150 10
160 160 9
169 169 3
172 172 2
174 174 17
191 191 3
194 194 12
206 206 13
219 219 10
229 229 7
236 236 14
250 250 9
259 259 19
278 278 12
290 290 7
297 297 15
312 312 15
327 327 12
339 339 9
348 348 18
366 366 16
Free Block: 
1 18 1
1 36 1
12 19 12
18 382 18
1 18
12 19
1 36
Node: 12 19 12
19
Alloc Block: 
0 0 10
10 10 6
16 16 2
19 19 3
31 31 3
34 34 2
37 37 11
48 48 3
51 51 19
70 70 8
78 78 3
81 81 18
99 99 10
109 109 13
122 122 12
134 134 16
150 150 10
160 160 9
169 169 3
172 172 2
174 174 17
191 191 3
194 194 12
206 206 13
219 219 10
229 229 7
236 236 14
250 250 9
259 259 19
278 278 12
290 290 7
297 297 15
312 312 15
327 327 12
339 339 9
348 348 18
366 366 16
Free Block: 
1 18 1
1 36 1
9 22 9
18 382 18
1 18
18 382
1 36
9 22
Node: 9 22 9
22
